AA09210000000000000000000000000000000000000000000000000056
AA 09 21 01 00 00 00 00 00 00 00 00 00 00 00 00 00 00 00 00 00 00 00 00 00 00 00 00 A4


AA 09 21 01 00 00 00 00 00 00 00 00 00 00 00 00 00 00 00 00 00 00 00 00 00 00 00 00 A4

AA 09 20 00 00 00 00 00 00 00 00 00 00 00 00 00 00 00 00 00 00 00 00 00 00 00 00 00 86
AA 09 20 01 00 00 00 00 00 00 00 00 00 00 00 00 00 00 00 00 00 00 00 00 00 00 00 00 74

aa 09 12 90 00 00 00 00 00 00 12 0c 28 1d 01 00 50 c3 00 00 01 00 00 00 00 cd 

AA0920010000000000000000000000000000000000000000006D

AA09210100000000000000000000000000000000000000000000
aa 09 12 90 00 00 00 00 00 80 12 0c 28 1d 01 00 e8 03 00 00 01 00 00 00 00 25

面板操作
AA 09 20 00 00 00 00 00 00 00 00 00 00 00 00 00 00 00 00 00 00 00 00 00 00 D3 
远程操作
AA 09 20 01 00 00 00 00 00 00 00 00 00 00 00 00 00 00 00 00 00 00 00 00 00 D4 

控制电源输出为开
AA 09 21 01 00 00 00 00 00 00 00 00 00 00 00 00 00 00 00 00 00 00 00 00 00 D5 
AA092101000000000000000000000000000000000000000000D5
控制电源输出为关
AA 09 21 00 00 00 00 01 00 00 00 00 00 00 00 00 00 00 00 00 00 00 00 00 00 D4 
AA092100000000000000000000000000000000000000000000D4


